<?xml version="1.0"?>
<opencv_storage>
<C_w>2048</C_w>
<C_h>2048</C_h>
<C_r>
  <_ type_id="opencv-matrix">
    <rows>3</rows>
    <cols>1</cols>
    <dt>d</dt>
    <data>
      -1.3352418873582621e-02 -4.0842639884243935e-02
      1.9985637810932624e-02</data></_>
  <_ type_id="opencv-matrix">
    <rows>3</rows>
    <cols>1</cols>
    <dt>d</dt>
    <data>
      1.5558389066511072e-01 -3.6703601565273247e-02
      2.7367563263640482e-02</data></_>
  <_ type_id="opencv-matrix">
    <rows>3</rows>
    <cols>1</cols>
    <dt>d</dt>
    <data>
      1.5959743366376447e-01 -3.2640191219060678e-02
      2.6534770051594193e-02</data></_>
  <_ type_id="opencv-matrix">
    <rows>3</rows>
    <cols>1</cols>
    <dt>d</dt>
    <data>
      2.6133265376256365e-01 -3.3791692845453421e-02
      3.0151339949794777e-02</data></_>
  <_ type_id="opencv-matrix">
    <rows>3</rows>
    <cols>1</cols>
    <dt>d</dt>
    <data>
      2.6145165411557147e-01 -3.3752562753757341e-02
      3.0241689292325291e-02</data></_>
  <_ type_id="opencv-matrix">
    <rows>3</rows>
    <cols>1</cols>
    <dt>d</dt>
    <data>
      3.2260895647316307e-01 -2.8699727521464203e-02
      2.9066733332522469e-02</data></_>
  <_ type_id="opencv-matrix">
    <rows>3</rows>
    <cols>1</cols>
    <dt>d</dt>
    <data>
      3.2259382856126101e-01 -2.8708673864631103e-02
      2.8960256007636968e-02</data></_>
  <_ type_id="opencv-matrix">
    <rows>3</rows>
    <cols>1</cols>
    <dt>d</dt>
    <data>
      4.2725717665338098e-01 -2.9237256672308091e-02
      3.1984772647007116e-02</data></_>
  <_ type_id="opencv-matrix">
    <rows>3</rows>
    <cols>1</cols>
    <dt>d</dt>
    <data>
      4.3019084742749591e-01 -2.9465007705823887e-02
      3.2021124221203984e-02</data></_>
  <_ type_id="opencv-matrix">
    <rows>3</rows>
    <cols>1</cols>
    <dt>d</dt>
    <data>
      -1.0091295420912598e-01 -3.9960232916862320e-02
      2.1240423823320632e-02</data></_>
  <_ type_id="opencv-matrix">
    <rows>3</rows>
    <cols>1</cols>
    <dt>d</dt>
    <data>
      -1.0094583433110685e-01 -3.9965861164803558e-02
      2.1337438061873597e-02</data></_>
  <_ type_id="opencv-matrix">
    <rows>3</rows>
    <cols>1</cols>
    <dt>d</dt>
    <data>
      -2.1224371425043373e-01 -3.9444760840583938e-02
      1.9604074005828573e-02</data></_>
  <_ type_id="opencv-matrix">
    <rows>3</rows>
    <cols>1</cols>
    <dt>d</dt>
    <data>
      -2.1226907789277794e-01 -3.9442613391604132e-02
      1.9603965376529607e-02</data></_>
  <_ type_id="opencv-matrix">
    <rows>3</rows>
    <cols>1</cols>
    <dt>d</dt>
    <data>
      -2.9961886235389112e-01 -4.0871602796397559e-02
      1.8552330401465877e-02</data></_>
  <_ type_id="opencv-matrix">
    <rows>3</rows>
    <cols>1</cols>
    <dt>d</dt>
    <data>
      -2.9964664739986491e-01 -4.1112182803760181e-02
      1.8765000367468230e-02</data></_>
  <_ type_id="opencv-matrix">
    <rows>3</rows>
    <cols>1</cols>
    <dt>d</dt>
    <data>
      -2.8067444464767027e-01 4.0691312056490986e-03
      -1.6782447559966621e-02</data></_>
  <_ type_id="opencv-matrix">
    <rows>3</rows>
    <cols>1</cols>
    <dt>d</dt>
    <data>
      -2.8063418013756974e-01 4.0862176248795670e-03
      -1.6752415714308438e-02</data></_>
  <_ type_id="opencv-matrix">
    <rows>3</rows>
    <cols>1</cols>
    <dt>d</dt>
    <data>
      -3.4810096407122776e-01 5.5395543308160346e-03
      -1.6074701465374513e-02</data></_>
  <_ type_id="opencv-matrix">
    <rows>3</rows>
    <cols>1</cols>
    <dt>d</dt>
    <data>
      -3.4807749321970666e-01 5.5132471841668283e-03
      -1.6074147014402216e-02</data></_>
  <_ type_id="opencv-matrix">
    <rows>3</rows>
    <cols>1</cols>
    <dt>d</dt>
    <data>
      -4.1917265611524646e-01 3.8250582010741449e-03
      -1.4355407169203605e-02</data></_>
  <_ type_id="opencv-matrix">
    <rows>3</rows>
    <cols>1</cols>
    <dt>d</dt>
    <data>
      -4.1916057151507941e-01 3.8324866019563957e-03
      -1.4338941793191546e-02</data></_>
  <_ type_id="opencv-matrix">
    <rows>3</rows>
    <cols>1</cols>
    <dt>d</dt>
    <data>
      -5.0597809932626248e-01 6.3621909792396705e-03
      -1.2550858026215975e-02</data></_>
  <_ type_id="opencv-matrix">
    <rows>3</rows>
    <cols>1</cols>
    <dt>d</dt>
    <data>
      -5.0608119183608502e-01 6.3605826487009211e-03
      -1.2588234005730441e-02</data></_>
  <_ type_id="opencv-matrix">
    <rows>3</rows>
    <cols>1</cols>
    <dt>d</dt>
    <data>
      3.4902127780755167e-02 -2.4140128997142943e-01
      -1.1395472498984200e-02</data></_>
  <_ type_id="opencv-matrix">
    <rows>3</rows>
    <cols>1</cols>
    <dt>d</dt>
    <data>
      3.4889230818209320e-02 -2.4137915337299287e-01
      -1.1347428161654523e-02</data></_>
  <_ type_id="opencv-matrix">
    <rows>3</rows>
    <cols>1</cols>
    <dt>d</dt>
    <data>
      1.4431945223163570e-01 -2.3807471831689123e-01
      9.8181870420544328e-04</data></_>
  <_ type_id="opencv-matrix">
    <rows>3</rows>
    <cols>1</cols>
    <dt>d</dt>
    <data>
      1.4408758697149548e-01 -2.3799335905119307e-01
      6.9465281074175707e-04</data></_>
  <_ type_id="opencv-matrix">
    <rows>3</rows>
    <cols>1</cols>
    <dt>d</dt>
    <data>
      3.1695636417573125e-01 -2.3774469411708762e-01
      2.0895030265776823e-02</data></_>
  <_ type_id="opencv-matrix">
    <rows>3</rows>
    <cols>1</cols>
    <dt>d</dt>
    <data>
      3.1693479812585612e-01 -2.3775936906819439e-01
      2.0784115143175991e-02</data></_>
  <_ type_id="opencv-matrix">
    <rows>3</rows>
    <cols>1</cols>
    <dt>d</dt>
    <data>
      4.2504840121794640e-01 -2.3484269399235694e-01
      3.4452932569821827e-02</data></_>
  <_ type_id="opencv-matrix">
    <rows>3</rows>
    <cols>1</cols>
    <dt>d</dt>
    <data>
      4.2505332656000067e-01 -2.3486130361607771e-01
      3.4450359380276324e-02</data></_>
  <_ type_id="opencv-matrix">
    <rows>3</rows>
    <cols>1</cols>
    <dt>d</dt>
    <data>
      5.4092377272201320e-01 -2.3586884834519012e-01
      4.5513455981559765e-02</data></_>
  <_ type_id="opencv-matrix">
    <rows>3</rows>
    <cols>1</cols>
    <dt>d</dt>
    <data>
      5.4081862382950963e-01 -2.3587450201684199e-01
      4.5515164803223013e-02</data></_>
  <_ type_id="opencv-matrix">
    <rows>3</rows>
    <cols>1</cols>
    <dt>d</dt>
    <data>
      -1.1440189171821531e-01 -2.3531982711215937e-01
      -3.4929092570793206e-02</data></_>
  <_ type_id="opencv-matrix">
    <rows>3</rows>
    <cols>1</cols>
    <dt>d</dt>
    <data>
      -1.1435814378119748e-01 -2.3531263827619692e-01
      -3.4909409597241155e-02</data></_>
  <_ type_id="opencv-matrix">
    <rows>3</rows>
    <cols>1</cols>
    <dt>d</dt>
    <data>
      -1.9857087161056178e-01 -2.3436177766158181e-01
      -4.5138737809032992e-02</data></_>
  <_ type_id="opencv-matrix">
    <rows>3</rows>
    <cols>1</cols>
    <dt>d</dt>
    <data>
      -1.9866868807276236e-01 -2.3439156629284463e-01
      -4.5134910527069666e-02</data></_>
  <_ type_id="opencv-matrix">
    <rows>3</rows>
    <cols>1</cols>
    <dt>d</dt>
    <data>
      -2.7980017253167799e-01 -2.3426776364436092e-01
      -5.3223599467369764e-02</data></_>
  <_ type_id="opencv-matrix">
    <rows>3</rows>
    <cols>1</cols>
    <dt>d</dt>
    <data>
      -2.7948096693290037e-01 -2.3433603319985727e-01
      -5.3236305121821363e-02</data></_>
  <_ type_id="opencv-matrix">
    <rows>3</rows>
    <cols>1</cols>
    <dt>d</dt>
    <data>
      -3.7731610858916764e-01 -2.3416428401745160e-01
      -6.3226336848169348e-02</data></_>
  <_ type_id="opencv-matrix">
    <rows>3</rows>
    <cols>1</cols>
    <dt>d</dt>
    <data>
      -3.7716449662189455e-01 -2.3415857754904384e-01
      -6.3206363973267329e-02</data></_>
  <_ type_id="opencv-matrix">
    <rows>3</rows>
    <cols>1</cols>
    <dt>d</dt>
    <data>
      -4.7051727632305362e-01 -2.2871288300593590e-01
      -7.2522754640068327e-02</data></_>
  <_ type_id="opencv-matrix">
